MAZE 10 20
  5  17   5  18
  4  13   5  13
  7   6   7   7
  3  12   4  12
  4  14   4  15
  5   4   6   4
  1   3   1   4
  8  18   8  19
  1   1   1   2
  6  18   6  19
  0  10   1  10
  6   6   6   7
  6  11   7  11
  5  10   5  11
  4   9   5   9
  1  17   2  17
  0   9   1   9
  8   8   8   9
  1  11   2  11
  5   6   6   6
  6   8   7   8
  9  10   9  11
  2  10   3  10
  6   5   6   6
  7  12   7  13
  2  10   2  11
  7  16   8  16
  7   4   8   4
  8  16   9  16
  4  11   4  12
  8  13   8  14
  3   7   4   7
  2  15   3  15
  2  12   3  12
  3  18   3  19
  6  15   7  15
  5  16   6  16
  2  13   2  14
  3   0   3   1
  0  12   0  13
  6  19   7  19
  9  11   9  12
  6   7   7   7
  7  18   8  18
  8  12   8  13
  2  18   3  18
  1   5   1   6
  3   9   3  10
  7   0   7   1
  7  18   7  19
  7   2   7   3
  4  15   4  16
  7  10   7  11
  2   6   3   6
  0  14   0  15
  4   7   5   7
  9   1   9   2
  2  19   3  19
  9  16   9  17
  0   2   0   3
  2   2   3   2
  1  13   1  14
  1   9   1  10
  4   5   5   5
  0   8   0   9
  5   6   5   7
  0   2   1   2
  0  16   1  16
  5  15   5  16
  9   9   9  10
  4   4   5   4
  2  11   3  11
  8   6   9   6
  4  10   4  11
  0  15   0  16
  7   3   8   3
  5   4   5   5
  3   6   3   7
  4   0   5   0
  5   0   5   1
  7   9   7  10
  0   6   0   7
  3   5   4   5
  4  16   5  16
  6  18   7  18
  1   3   2   3
  4  16   4  17
  0  13   1  13
  6  13   6  14
  1  15   2  15
  2   3   2   4
  8   7   9   7
  4   2   5   2
  0   4   0   5
  7   1   7   2
  3  16   3  17
  1   4   1   5
  1   2   1   3
  1  15   1  16
  0  18   1  18
  4  17   4  18
  5   9   5  10
  8   5   8   6
  5   2   6   2
  3   2   4   2
  8  13   9  13
  2   4   2   5
  5   9   6   9
  1  16   2  16
  2   7   2   8
  8  14   9  14
  6  15   6  16
  2  18   2  19
  4  17   5  17
  6  12   6  13
  9   7   9   8
  5  14   5  15
  6  10   7  10
  3  13   3  14
  5   1   6   1
  7  14   8  14
  3   8   4   8
  2  16   3  16
  6  17   7  17
  5   7   5   8
  0   7   0   8
  8  17   8  18
  3  11   3  12
  9  14   9  15
  0   5   1   5
  8  11   8  12
  4   8   4   9
  3  10   3  11
  5  12   6  12
  7   8   8   8
  4   4   4   5
  0  11   1  11
  1   6   2   6
  7  16   7  17
  4   2   4   3
  1   9   2   9
  1   7   1   8
  7   2   8   2
  5  11   6  11
  6  10   6  11
  8   2   9   2
  3   5   3   6
  2  16   2  17
  6   3   7   3
  5  14   6  14
  1   1   2   1
  9   0   9   1
  3   3   3   4
  3   1   4   1
  7   5   8   5
  5  13   6  13
  0  17   0  18
  9   4   9   5
  4   1   5   1
  0   0   0   1
  6   4   7   4
  1  13   2  13
  2   1   2   2
  4  18   5  18
  9   3   9   4
  3   8   3   9
  6   0   7   0
  2   8   3   8
  8   7   8   8
  7   7   7   8
  4  13   4  14
