MAZE 10 20
  1   5   1   6
  6  17   7  17
  5  10   5  11
  7  11   7  12
  4  11   4  12
  5  10   6  10
  6   4   7   4
  4  14   4  15
  1   3   2   3
  4  17   5  17
  4  17   4  18
  4   1   5   1
  2  13   2  14
  3  19   4  19
  5   8   5   9
  2   7   3   7
  1   7   2   7
  2  12   3  12
  5   5   5   6
  6   2   7   2
  6   0   6   1
  7   5   7   6
  6  13   7  13
  2   2   3   2
  2   9   3   9
  7  18   7  19
  1  19   2  19
  3   0   4   0
  5   4   6   4
  5  11   6  11
  1  10   2  10
  1  14   2  14
  2  14   2  15
  3  12   3  13
  6  13   6  14
  9   8   9   9
  6   9   6  10
  4  19   5  19
  1  16   1  17
  6  11   6  12
  1  13   1  14
  8  12   8  13
  2   7   2   8
  2   4   3   4
  1  14   1  15
  1  15   2  15
  3   8   3   9
  2  10   3  10
  2  16   2  17
  5  13   5  14
  0  10   1  10
  2  19   3  19
  2  15   2  16
  0   4   1   4
  4   9   4  10
  0  16   1  16
  9  14   9  15
  7  19   8  19
  8  15   8  16
  8   4   9   4
  7  15   7  16
  3   0   3   1
  8   7   8   8
  9  13   9  14
  1   1   2   1
  6  10   6  11
  7   1   8   1
  5   6   5   7
  0   1   0   2
  9   5   9   6
  5   0   5   1
  3   6   4   6
  1  11   1  12
  4   4   4   5
  7   3   8   3
  4  18   5  18
  5   2   5   3
  8   5   8   6
  7  13   8  13
  5  17   6  17
  4   5   4   6
  9  17   9  18
  6   6   6   7
  4  15   5  15
  2   5   3   5
  4   5   5   5
  6   8   7   8
  5  15   5  16
  5  14   6  14
  4   9   5   9
  2   4   2   5
  6   8   6   9
  6   3   6   4
  4   3   5   3
  7  16   7  17
  0  13   0  14
  5   7   5   8
  0   7   0   8
  1   4   2   4
  3   1   4   1
  6   1   6   2
  8  14   8  15
  9  15   9  16
  8   0   8   1
  9   9   9  10
  3  17   4  17
  0  15   0  16
  0   5   1   5
  0  18   1  18
  0   9   0  10
  4   7   4   8
  7  16   8  16
  4   0   5   0
  7  17   8  17
  7  10   8  10
  8   2   9   2
  0  19   1  19
  4   7   5   7
  0  13   1  13
  7   2   8   2
  0   8   0   9
  1   2   2   2
  8  10   8  11
  7   3   7   4
  1  17   2  17
  0   7   1   7
  3   7   3   8
  8   4   8   5
  5  14   5  15
  7   0   8   0
  9  10   9  11
  9  18   9  19
  0  11   0  12
  2  18   3  18
  5  16   5  17
  3   2   4   2
  6  12   6  13
  3   7   4   7
  5   1   5   2
  2  11   2  12
  7   7   8   7
  1   8   2   8
  8  12   9  12
  3   4   4   4
  1  13   2  13
  4  15   4  16
  8   1   8   2
  3  13   4  13
  7   7   7   8
  3  15   3  16
  7   8   8   8
  2  10   2  11
  3   2   3   3
  8  16   8  17
  0   1   1   1
  4   3   4   4
  2   0   2   1
  5  18   5  19
  0   6   1   6
  7   6   8   6
  6   7   6   8
  3  10   3  11
  4  13   5  13
  4  10   5  10
  8   3   9   3
  1   2   1   3
  7  14   7  15
  2   8   3   8
  9   6   9   7
  8  13   9  13
  3  11   4  11
