PATH 20 50
0 0
0 1
1 1
1 2
1 3
2 3
3 3
4 3
5 3
5 4
5 5
4 5
4 6
5 6
5 7
5 8
6 8
6 9
6 10
7 10
8 10
9 10
10 10
10 11
10 12
10 13
11 13
12 13
12 14
12 15
13 15
13 16
13 17
13 18
13 19
13 20
14 20
14 21
14 22
14 23
15 23
16 23
17 23
17 24
18 24
18 25
17 25
17 26
17 27
16 27
16 26
15 26
14 26
13 26
13 27
12 27
12 28
12 29
13 29
13 28
14 28
14 29
14 30
14 31
14 32
14 33
14 34
14 35
15 35
15 36
16 36
16 37
16 38
17 38
17 39
17 40
16 40
16 41
16 42
15 42
14 42
14 43
14 44
14 45
14 46
14 47
15 47
15 48
15 49
16 49
17 49
18 49
19 49
